1.214996
1.223046
1.237917
1.241008
1.251787
1.257049
1.257804
1.25956
1.260377
1.261623
1.264287
1.265052
1.272656
1.272907
1.274032
1.274826
1.280093
1.282781
1.283856
1.284505
1.285321
1.285652
1.285672
1.287636
1.288142
1.290001
1.291634
1.291647
1.292044
1.292649
1.292952
1.29324
1.293657
1.293847
1.295046
1.296089
1.297666
1.297854
1.299081
1.301482
1.302679
1.303294
1.303305
1.303776
1.3042
1.304757
1.305493
1.306635
1.308087
1.308271
1.308429
1.308532
1.309026
1.309499
1.309546
1.310155
1.310416
1.311833
1.311905
1.313611
1.313822
1.314531
1.315386
1.31553
1.316397
1.316447
1.31696
1.317051
1.318162
1.318373
1.318416
1.321004
1.32185
1.322063
1.322078
1.323326
1.323506
1.323817
1.325178
1.325323
1.325488
1.325646
1.32569
1.32582
1.325836
1.325917
1.326158
1.327738
1.328175
1.328302
1.328585
1.328735
1.330483
1.330888
1.331115
1.331921
1.332101
1.33211
1.332491
1.332492
1.332494
1.332503
1.33261
1.33266
1.332667
1.332792
1.3338
1.333992
1.334551
1.334586
1.334727
1.334827
1.334891
1.33604
1.336353
1.336382
1.336544
1.337313
1.33778
1.337873
1.338404
1.339106
1.339112
1.339175
1.339237
1.339487
1.340053
1.340298
1.340843
1.341019
1.341146
1.341367
1.3423
1.342997
1.342998
1.343188
1.343451
1.344184
1.345314
1.34579
1.345838
1.346743
1.347286
1.347397
1.347479
1.348097
1.348161
1.348278
1.348459
1.348547
1.348684
1.349106
1.349267
1.349484
1.350106
1.350159
1.350237
1.350586
1.350678
1.350817
1.351062
1.35116
1.35118
1.351669
1.352171
1.352554
1.352666
1.353301
1.353595
1.353734
1.353971
1.353984
1.354017
1.354155
1.354321
1.354451
1.354714
1.355222
1.355447
1.355476
1.355743
1.355845
1.355958
1.356107
1.356389
1.356598
1.356787
1.35682
1.356957
1.357039
1.35737
1.357402
1.357488
1.357578
1.357894
1.35842
1.358558
1.358877
1.359197
1.359285
1.359409
1.359557
1.359611
1.360699
1.360757
1.361019
1.361789
1.361889
1.362547
1.362551
1.363047
1.363172
1.363455
1.363652
1.363786
1.363791
1.364377
1.365082
1.365122
1.365584
1.365639
1.365805
1.366205
1.366246
1.366631
1.367076
1.367602
1.367958
1.367974
1.368517
1.368681
1.369004
1.36909
1.369641
1.369694
1.369696
1.369853
1.3699
1.370055
1.370168
1.370195
1.370798
1.371144
1.371401
1.37173
1.371777
1.372004
1.372506
1.372721
1.372902
1.373003
1.373226
1.373349
1.37346
1.373532
1.37362
1.373772
1.373917
1.374032
1.374097
1.374191
1.374227
1.37456
1.37462
1.374668
1.374687
1.375277
1.375875
1.375954
1.376045
1.376054
1.376522
1.376544
1.376599
1.376981
1.377493
1.377593
1.377786
1.377978
1.37819
1.378325
1.378559
1.378696
1.378837
1.379146
1.379232
1.379313
1.37955
1.379603
1.379994
1.380038
1.380327
1.38061
1.38115
1.381221
1.381274
1.38146
1.381495
1.382151
1.38254
1.382609
1.382626
1.382788
1.382823
1.382979
1.383095
1.383131
1.383396
1.383548
1.383647
1.383876
1.38404
1.384095
1.384184
1.384218
1.38447
1.384972
1.385272
1.385526
1.38554
1.38582
1.385822
1.385836
1.38584
1.386511
1.386512
1.386609
1.386705
1.386824
1.387015
1.38702
1.387062
1.387146
1.387247
1.387715
1.387761
1.387838
1.387858
1.387951
1.387971
1.38801
1.388015
1.388019
1.388234
1.388393
1.388887
1.388948
1.38899
1.389335
1.389398
1.389698
1.389982
1.390042
1.390167
1.390451
1.390749
1.391042
1.391171
1.391307
1.391379
1.391431
1.391682
1.391775
1.391952
1.392083
1.39219
1.392255
1.392307
1.39242
1.393271
1.393575
1.393739
1.393768
1.394145
1.394389
1.394511
1.395008
1.395072
1.395131
1.395327
1.395536
1.395777
1.395907
1.395939
1.39602
1.396093
1.396097
1.396236
1.396341
1.396626
1.396653
1.397139
1.397237
1.397578
1.397618
1.397876
1.397992
1.398021
1.398247
1.398294
1.39837
1.39844
1.399554
1.399562
1.399728
1.39999
1.400066
1.40011
1.400507
1.400842
1.400893
1.40111
1.401301
1.401365
1.401387
1.401536
1.401558
1.401709
1.401821
1.401877
1.401987
1.402152
1.402208
1.40224
1.402264
1.402277
1.402419
1.402563
1.402608
1.402758
1.40305
1.403119
1.403204
1.403282
1.403291
1.403302
1.403419
1.403723
1.403778
1.404022
1.404382
1.404475
1.404662
1.405032
1.405137
1.405384
1.40565
1.405676
1.405933
1.406063
1.406153
1.406533
1.406985
1.407034
1.407053
1.407106
1.407487
1.407878
1.407988
1.408273
1.40831
1.408499
1.40856
1.408697
1.40956
1.409843
1.40986
1.409867
1.409888
1.409984
1.410137
1.410172
1.410414
1.411083
1.411804
1.412284
1.412379
1.412453
1.412505
1.412827
1.412968
1.413061
1.413476
1.413822
1.414189
1.414217
1.414449
1.414454
1.414473
1.414555
1.414653
1.415224
1.415412
1.41553
1.415859
1.415985
1.416119
1.416725
1.417038
1.417329
1.417502
1.417608
1.417983
1.418411
1.418769
1.418825
1.418939
1.419008
1.419024
1.419347
1.419352
1.419434
1.419443
1.41958
1.419612
1.419739
1.419838
1.420165
1.420297
1.420601
1.420905
1.420959
1.420985
1.421592
1.421912
1.422059
1.422443
1.422525
1.422574
1.422745
1.422836
1.422962
1.423626
1.423632
1.424172
1.424906
1.425156
1.425251
1.425301
1.425426
1.425445
1.425586
1.425597
1.425642
1.425698
1.42589
1.426336
1.426609
1.426925
1.426967
1.426994
1.427
1.427209
1.427449
1.428558
1.429043
1.429455
1.429702
1.429838
1.430149
1.430323
1.430437
1.430561
1.430982
1.431096
1.431106
1.431341
1.431383
1.431396
1.431525
1.431565
1.431741
1.431879
1.432098
1.432321
1.432561
1.432586
1.432827
1.432889
1.433491
1.433513
1.433606
1.434203
1.434516
1.434525
1.435501
1.435555
1.435701
1.436074
1.436153
1.436184
1.43634
1.436382
1.436734
1.436803
1.436951
1.437042
1.437308
1.437722
1.437803
1.438067
1.438133
1.438405
1.438482
1.438647
1.4388
1.439193
1.439326
1.439392
1.439433
1.439665
1.43971
1.439821
1.440209
1.440522
1.440766
1.440801
1.441094
1.441147
1.441185
1.441828
1.442054
1.442143
1.442162
1.442327
1.4424
1.442653
1.442654
1.442777
1.443333
1.443842
1.444344
1.444634
1.44483
1.444831
1.444948
1.445147
1.445328
1.445489
1.445649
1.445789
1.44625
1.446401
1.446495
1.446768
1.44689
1.446957
1.447038
1.447265
1.447337
1.447517
1.447579
1.447856
1.448467
1.448957
1.44898
1.449112
1.449223
1.449449
1.449681
1.450334
1.450889
1.451052
1.451724
1.452011
1.452112
1.452396
1.453072
1.453392
1.453539
1.454258
1.454393
1.454721
1.455131
1.455634
1.455697
1.455799
1.456671
1.45705
1.45739
1.457468
1.457636
1.45773
1.45803
1.458034
1.458043
1.458354
1.458617
1.458679
1.458734
1.458748
1.459049
1.459542
1.460226
1.46031
1.460359
1.460359
1.460989
1.461208
1.461303
1.46133
1.461664
1.462583
1.462881
1.462946
1.462964
1.462976
1.463143
1.463234
1.463449
1.464852
1.46494
1.465506
1.466552
1.466863
1.467034
1.467653
1.467721
1.468502
1.468697
1.468831
1.46979
1.470174
1.470319
1.470467
1.470783
1.471524
1.471827
1.472058
1.472816
1.472822
1.473303
1.473372
1.474107
1.474111
1.474203
1.474825
1.475031
1.475065
1.475113
1.475466
1.475505
1.475673
1.476287
1.476367
1.476538
1.47666
1.476689
1.476759
1.47735
1.477593
1.47767
1.478289
1.479128
1.479458
1.479478
1.479688
1.479823
1.479824
1.480226
1.480369
1.480712
1.480973
1.481004
1.481054
1.481398
1.48161
1.481669
1.482435
1.483424
1.483639
1.483964
1.484048
1.484912
1.485153
1.485993
1.486474
1.486795
1.487312
1.487694
1.487703
1.488117
1.488547
1.488638
1.488734
1.489329
1.489451
1.489495
1.489959
1.490059
1.490238
1.490297
1.490637
1.490993
1.491423
1.493476
1.493835
1.493853
1.494182
1.494325
1.494575
1.49484
1.494855
1.495076
1.495133
1.495394
1.495575
1.495829
1.496398
1.496633
1.498246
1.498874
1.499386
1.499444
1.500401
1.500625
1.500937
1.501045
1.501364
1.502438
1.503531
1.50364
1.503706
1.504888
1.505154
1.505306
1.50531
1.505589
1.505683
1.506414
1.507768
1.509147
1.510051
1.510949
1.511023
1.511668
1.512687
1.512739
1.513806
1.51407
1.514764
1.515191
1.515369
1.515432
1.515657
1.516075
1.516501
1.516667
1.517022
1.517111
1.517588
1.517888
1.518233
1.518732
1.518825
1.518946
1.520186
1.520637
1.521876
1.522132
1.522383
1.522825
1.523551
1.523738
1.524073
1.525125
1.52532
1.526451
1.52707
1.527279
1.527746
1.527789
1.527998
1.528022
1.528555
1.529309
1.529425
1.529979
1.530014
1.530276
1.530293
1.531236
1.53145
1.531627
1.531914
1.532304
1.533901
1.534738
1.534824
1.535326
1.536344
1.537595
1.537905
1.538106
1.538746
1.539868
1.540434
1.540666
1.540689
1.540696
1.540892
1.54136
1.541536
1.541781
1.541973
1.542325
1.542417
1.542548
1.544462
1.546956
1.548345
1.548747
1.549188
1.549689
1.549781
1.550483
1.550493
1.550577
1.55177
1.552488
1.552778
1.553464
1.554526
1.554851
1.555594
1.556364
1.557401
1.558934
1.559892
1.560113
1.560159
1.562568
1.563408
1.56451
1.564951
1.565482
1.565748
1.567358
1.572111
1.572222
1.574055
1.576782
1.579251
1.583673
1.585116
1.585742
1.587145
1.587176
1.589787
1.590376
1.590551
1.591978
1.59211
1.594115
1.598407
1.601763
1.604708
1.604758
1.607709
1.612586
1.614605
1.616053
1.62208
1.62542
1.627981
1.629147
1.629524
1.631607
1.631881
1.636544
1.639042
1.640017
1.643811
1.644253
1.645348
1.646544
1.647059
1.660081
1.663678
1.672128
1.682455
1.684549
1.685068
1.688915
1.692634
1.697117
1.704443
1.720451
1.739438
1.75988
1.762791
1.767193
1.769333
1.832884
1.846856
1.858464
1.887482
1.925311
1.963817
2.155779
2.522142