1.204498
1.214347
1.219194
1.219488
1.234515
1.24829
1.249647
1.251255
1.252084
1.254318
1.256875
1.26155
1.262731
1.26366
1.263784
1.265645
1.265932
1.266516
1.267835
1.27076
1.273467
1.273491
1.274578
1.275015
1.277357
1.279109
1.279275
1.279508
1.282364
1.28344
1.283892
1.284438
1.286983
1.287084
1.288261
1.288603
1.288607
1.288851
1.289786
1.291595
1.291755
1.293566
1.294503
1.295793
1.295853
1.296929
1.297096
1.297285
1.298188
1.298334
1.298425
1.298508
1.298567
1.298574
1.298874
1.298994
1.299055
1.299793
1.300494
1.30074
1.300854
1.300936
1.301677
1.302816
1.303096
1.303128
1.303216
1.303509
1.304229
1.304465
1.304481
1.304787
1.305386
1.305435
1.306542
1.306644
1.306748
1.307113
1.307825
1.307944
1.308177
1.308596
1.309061
1.309198
1.309609
1.310004
1.310064
1.310173
1.310193
1.310491
1.310497
1.310699
1.310862
1.311069
1.311076
1.311316
1.312885
1.313049
1.313094
1.313293
1.313645
1.314023
1.314359
1.314747
1.314822
1.315198
1.315221
1.315291
1.315296
1.315466
1.315944
1.315968
1.316078
1.316164
1.316569
1.317085
1.317153
1.317245
1.317305
1.317413
1.317422
1.317575
1.317617
1.317637
1.318442
1.318673
1.31878
1.318969
1.318992
1.319376
1.319542
1.319654
1.320294
1.320415
1.321386
1.321476
1.321604
1.321854
1.322299
1.32255
1.322886
1.323199
1.323766
1.32393
1.324116
1.324239
1.324499
1.324972
1.325129
1.325216
1.325311
1.325324
1.325344
1.325528
1.325568
1.32557
1.32566
1.325834
1.325917
1.326244
1.326444
1.326539
1.326617
1.326727
1.32678
1.326881
1.327246
1.327434
1.327818
1.327824
1.328047
1.328082
1.328171
1.328171
1.328207
1.328298
1.328621
1.328676
1.328698
1.328886
1.32919
1.329797
1.329893
1.329993
1.33
1.330249
1.330272
1.330584
1.330635
1.33104
1.331158
1.331161
1.331253
1.331641
1.331716
1.331731
1.3318
1.331823
1.332634
1.332786
1.333007
1.333109
1.333255
1.33327
1.333292
1.333357
1.333468
1.333575
1.333801
1.333941
1.334151
1.334178
1.334474
1.334576
1.334885
1.33499
1.335062
1.335667
1.335724
1.335798
1.33597
1.336046
1.336087
1.336204
1.336275
1.336297
1.33638
1.336613
1.33668
1.33678
1.336803
1.337197
1.337265
1.337358
1.337397
1.33785
1.337898
1.338369
1.338506
1.338536
1.338728
1.338734
1.338793
1.338843
1.338885
1.338909
1.339139
1.339168
1.339278
1.339739
1.339882
1.339933
1.340058
1.340182
1.340278
1.340296
1.340381
1.340416
1.340441
1.340826
1.341096
1.341245
1.341429
1.341442
1.341479
1.3415
1.341605
1.341885
1.342039
1.342097
1.342186
1.342277
1.342382
1.342718
1.342757
1.342798
1.343115
1.343214
1.343912
1.34399
1.344083
1.344248
1.344265
1.344388
1.344395
1.344892
1.345024
1.345056
1.345169
1.345176
1.345257
1.34558
1.345626
1.345724
1.346076
1.346222
1.346249
1.346441
1.346493
1.346506
1.346531
1.346534
1.346783
1.347082
1.34709
1.347196
1.347315
1.347428
1.347504
1.347512
1.347708
1.347749
1.347771
1.348127
1.348167
1.348199
1.348225
1.34831
1.348476
1.348484
1.348635
1.348657
1.348796
1.34899
1.349036
1.349059
1.349119
1.349616
1.349699
1.349987
1.350459
1.35063
1.350732
1.350955
1.351075
1.351216
1.351388
1.351602
1.35162
1.351672
1.351678
1.351889
1.352088
1.352107
1.352159
1.352849
1.352855
1.352889
1.35289
1.353106
1.353298
1.353641
1.35365
1.353724
1.353844
1.353867
1.353869
1.353914
1.353959
1.353994
1.353998
1.35401
1.354023
1.354027
1.354041
1.354075
1.354109
1.354308
1.354325
1.354466
1.354481
1.354508
1.354603
1.354784
1.354811
1.354911
1.355008
1.35517
1.355477
1.355539
1.355564
1.355608
1.355681
1.355796
1.355921
1.356002
1.356044
1.356062
1.356167
1.356239
1.356292
1.356398
1.356435
1.356703
1.356747
1.356961
1.357013
1.357055
1.357126
1.357499
1.357538
1.357559
1.357632
1.357734
1.357784
1.357802
1.357937
1.357958
1.35802
1.358045
1.358108
1.358212
1.358299
1.358308
1.35838
1.358599
1.358693
1.358728
1.358773
1.358819
1.358843
1.358852
1.358856
1.35894
1.358979
1.359012
1.359027
1.359097
1.359384
1.359433
1.359506
1.359778
1.359855
1.359931
1.359933
1.35998
1.360041
1.36015
1.360254
1.360323
1.360343
1.360423
1.360636
1.360645
1.360688
1.360707
1.360779
1.360844
1.361038
1.361085
1.361261
1.361372
1.361434
1.361478
1.361603
1.361641
1.361672
1.361732
1.361763
1.361799
1.361897
1.362186
1.362266
1.362281
1.362466
1.362662
1.362787
1.363024
1.363124
1.363289
1.363342
1.363353
1.363375
1.363469
1.363485
1.363511
1.363562
1.363636
1.363679
1.3637
1.363909
1.363991
1.364002
1.364024
1.364094
1.36415
1.364205
1.364273
1.364287
1.364313
1.364367
1.36461
1.364702
1.364786
1.365029
1.365121
1.365154
1.365184
1.365485
1.365645
1.365678
1.365731
1.365771
1.365864
1.365901
1.365915
1.365965
1.366166
1.36621
1.366368
1.366465
1.366554
1.366716
1.366842
1.3669
1.367196
1.36737
1.367582
1.368045
1.368223
1.368318
1.368365
1.368387
1.3684
1.368535
1.368577
1.368578
1.368965
1.369021
1.369127
1.369128
1.369234
1.369492
1.369851
1.369905
1.369981
1.370003
1.370026
1.370449
1.370534
1.370807
1.370878
1.371197
1.371367
1.371375
1.371401
1.371405
1.371411
1.371414
1.371621
1.371765
1.371895
1.371935
1.372147
1.37217
1.372505
1.372562
1.372583
1.372668
1.372725
1.372741
1.37285
1.372869
1.373171
1.373296
1.37351
1.373869
1.373931
1.374046
1.374105
1.374147
1.374277
1.374372
1.374507
1.374525
1.374662
1.374967
1.375057
1.375121
1.375342
1.375425
1.375615
1.375716
1.375797
1.375828
1.375896
1.376052
1.376183
1.3763
1.376311
1.376393
1.376515
1.376542
1.376814
1.376887
1.376946
1.377067
1.377095
1.377117
1.377546
1.377618
1.377665
1.377725
1.377759
1.378019
1.378023
1.37804
1.37813
1.378249
1.378424
1.378449
1.378462
1.378746
1.378801
1.378926
1.378988
1.379005
1.379201
1.379383
1.379428
1.379589
1.380043
1.380096
1.380171
1.380209
1.380275
1.380461
1.380481
1.380498
1.380535
1.380683
1.380738
1.380792
1.380851
1.380895
1.381183
1.381359
1.38157
1.381646
1.381716
1.381787
1.381869
1.382316
1.382327
1.382575
1.382985
1.383069
1.383197
1.383295
1.383327
1.383397
1.383486
1.38381
1.383889
1.383998
1.384107
1.384181
1.384194
1.384275
1.384296
1.384377
1.384461
1.3848
1.384968
1.385122
1.385352
1.385366
1.385755
1.386109
1.386171
1.386303
1.386329
1.386713
1.386814
1.38685
1.38689
1.387239
1.387303
1.387386
1.387639
1.387661
1.387707
1.387707
1.387751
1.38807
1.388071
1.388137
1.388376
1.388422
1.388454
1.388678
1.388921
1.38926
1.389335
1.389353
1.389413
1.389446
1.389803
1.390041
1.390414
1.390616
1.390668
1.390787
1.391117
1.391329
1.391558
1.391623
1.391747
1.391819
1.392026
1.392032
1.392078
1.392144
1.392415
1.392476
1.392673
1.392692
1.392706
1.392761
1.392967
1.393366
1.39357
1.393571
1.39361
1.393802
1.39396
1.394297
1.39459
1.394715
1.394815
1.394906
1.395102
1.395136
1.395256
1.395267
1.395268
1.395474
1.395606
1.395651
1.39568
1.395813
1.395824
1.396415
1.396691
1.397907
1.397956
1.39844
1.39853
1.398547
1.398638
1.398814
1.399249
1.399252
1.399338
1.399473
1.399516
1.400506
1.400551
1.401095
1.401126
1.40115
1.401183
1.40142
1.401469
1.401563
1.402207
1.402336
1.402572
1.402984
1.403367
1.403613
1.403921
1.403984
1.404047
1.404185
1.404491
1.404538
1.405045
1.405214
1.405507
1.406041
1.406142
1.406212
1.406353
1.406921
1.407156
1.407161
1.407616
1.40836
1.408484
1.408561
1.408589
1.408677
1.408902
1.409079
1.409167
1.409332
1.409666
1.409865
1.41004
1.410081
1.410205
1.41024
1.410275
1.410428
1.410702
1.411006
1.411367
1.411587
1.411659
1.411895
1.41211
1.412161
1.41238
1.412387
1.413131
1.413299
1.413603
1.414247
1.414778
1.415057
1.415534
1.415895
1.41673
1.417054
1.417259
1.417294
1.417385
1.417819
1.41799
1.418107
1.418164
1.418377
1.418481
1.418952
1.419254
1.419328
1.419551
1.419804
1.419814
1.419834
1.419966
1.420291
1.420293
1.421245
1.421286
1.421361
1.4214
1.421474
1.421477
1.421929
1.421992
1.422597
1.422735
1.42306
1.423431
1.423436
1.423583
1.423992
1.4241
1.424153
1.424486
1.424644
1.424879
1.425474
1.425808
1.425989
1.426036
1.426158
1.426571
1.426645
1.426796
1.427122
1.427606
1.427981
1.429508
1.429827
1.430148
1.43058
1.430896
1.430896
1.431668
1.43202
1.432065
1.432255
1.43321
1.433985
1.434161
1.434229
1.434266
1.434432
1.434862
1.435157
1.435242
1.43577
1.436045
1.436119
1.436133
1.436762
1.436888
1.43759
1.437616
1.439609
1.439721
1.440181
1.440244
1.44074
1.440748
1.441058
1.441169
1.441605
1.441701
1.442134
1.442325
1.4425
1.443765
1.444209
1.444737
1.446015
1.446332
1.446367
1.446554
1.447587
1.449803
1.450375
1.450541
1.450667
1.450795
1.4511
1.452439
1.452963
1.453711
1.454136
1.454335
1.457139
1.457988
1.459045
1.45979
1.460006
1.461475
1.462267
1.462659
1.463744
1.464212
1.464512
1.464619
1.4659
1.466184
1.46655
1.468075
1.468407
1.469256
1.475641
1.475743
1.477402
1.477433
1.477954
1.477956
1.478194
1.478211
1.479188
1.479472
1.483085
1.484511
1.486087
1.487922
1.488763
1.492416
1.49301
1.493196
1.49345
1.494884
1.495963
1.496656
1.497941
1.499669
1.500556
1.50452
1.505616
1.506607
1.506863
1.509039
1.519023
1.527741
1.529224
1.53127
1.531518
1.532674
1.536475
1.552354
1.566266
1.576797
1.60852
1.624245
1.655798
1.674249
1.678365
1.815311
1.863817
1.915779
2.155779