1.235908
1.238045
1.242609
1.243363
1.245976
1.246784
1.247047
1.248147
1.249526
1.250011
1.251016
1.252339
1.25409
1.25804
1.258328
1.259465
1.26062
1.260779
1.261286
1.266124
1.266781
1.267513
1.268272
1.268676
1.268954
1.271364
1.271982
1.273133
1.273141
1.27463
1.274822
1.275517
1.27657
1.277261
1.277389
1.277694
1.279572
1.279776
1.279776
1.280245
1.281025
1.281063
1.281865
1.283042
1.285067
1.28508
1.28519
1.285264
1.286993
1.287211
1.287558
1.287766
1.288253
1.288408
1.288708
1.290813
1.291468
1.291563
1.291597
1.292006
1.292662
1.293186
1.294209
1.294209
1.294908
1.295254
1.295357
1.295982
1.296365
1.296471
1.296783
1.297726
1.298843
1.298983
1.299397
1.299531
1.300677
1.301143
1.301215
1.301805
1.302487
1.302517
1.303918
1.304465
1.304765
1.305358
1.305779
1.30625
1.306365
1.306456
1.306653
1.306792
1.306799
1.307384
1.307758
1.308153
1.308335
1.308381
1.308419
1.30855
1.308566
1.308577
1.309688
1.309843
1.309959
1.310398
1.310471
1.310625
1.310715
1.310894
1.31122
1.3114
1.31147
1.311716
1.311958
1.312052
1.312288
1.312321
1.312404
1.31253
1.312771
1.313404
1.313833
1.314064
1.314091
1.31436
1.314507
1.314516
1.314575
1.314876
1.314958
1.314966
1.315313
1.31568
1.315714
1.315734
1.315835
1.315968
1.316022
1.316121
1.316164
1.316166
1.316457
1.316494
1.317416
1.317535
1.317696
1.317944
1.318089
1.31821
1.318538
1.318664
1.318983
1.319415
1.319629
1.319718
1.320213
1.320496
1.32061
1.320909
1.32145
1.321694
1.322045
1.322131
1.322223
1.322828
1.322931
1.323307
1.32343
1.323535
1.323592
1.32375
1.323868
1.324504
1.324743
1.324753
1.324947
1.324969
1.324984
1.32499
1.325533
1.325788
1.326041
1.326049
1.32642
1.326744
1.326808
1.326968
1.327023
1.3273
1.327955
1.328641
1.32872
1.328757
1.329288
1.329523
1.329529
1.3296
1.329618
1.329802
1.329821
1.330203
1.330304
1.330318
1.330655
1.330725
1.330878
1.330901
1.330998
1.331402
1.331567
1.331656
1.331799
1.331912
1.331958
1.332275
1.332285
1.333113
1.333176
1.333505
1.333991
1.334126
1.33414
1.334201
1.334336
1.334813
1.334839
1.335393
1.335424
1.335717
1.33576
1.336043
1.336221
1.336483
1.336521
1.336629
1.336806
1.337327
1.337395
1.337434
1.337455
1.337655
1.337731
1.337791
1.337799
1.337956
1.338467
1.33888
1.338915
1.339217
1.339236
1.339423
1.339624
1.339779
1.340141
1.3404
1.340446
1.34045
1.340631
1.340685
1.341024
1.341138
1.341342
1.341401
1.341507
1.341697
1.341722
1.341912
1.342019
1.342148
1.342163
1.342383
1.342621
1.343082
1.343159
1.343289
1.343299
1.343556
1.343618
1.343639
1.3447
1.344808
1.344819
1.345094
1.345332
1.34617
1.346234
1.346291
1.346368
1.34637
1.346423
1.346433
1.346488
1.346624
1.346677
1.346728
1.347012
1.34707
1.347224
1.347249
1.34779
1.347827
1.347853
1.34794
1.34816
1.348255
1.348264
1.348324
1.348374
1.348733
1.348767
1.348892
1.348961
1.349142
1.349159
1.349272
1.349437
1.34961
1.349718
1.349881
1.349965
1.350178
1.350245
1.350263
1.35036
1.350608
1.350854
1.351022
1.35103
1.3511
1.351111
1.351177
1.351506
1.35152
1.351879
1.352024
1.352029
1.352041
1.352101
1.352197
1.352256
1.352386
1.352417
1.352457
1.352615
1.35267
1.352864
1.352974
1.353119
1.353196
1.353225
1.353392
1.353635
1.353652
1.353673
1.353719
1.353742
1.353774
1.353977
1.353993
1.354126
1.35421
1.354337
1.354501
1.355027
1.355318
1.355536
1.355745
1.355763
1.355884
1.356281
1.356498
1.356519
1.356567
1.35674
1.356746
1.356869
1.357084
1.357103
1.357162
1.357232
1.357275
1.357422
1.357514
1.357648
1.357677
1.35783
1.357846
1.357895
1.358026
1.358058
1.358204
1.358242
1.358573
1.358666
1.358704
1.358778
1.358814
1.358897
1.358991
1.359152
1.359185
1.359245
1.359256
1.359493
1.3596
1.359657
1.359713
1.359786
1.359813
1.35994
1.359989
1.360117
1.360196
1.360607
1.360681
1.360826
1.360829
1.361102
1.361163
1.361259
1.361333
1.361562
1.361593
1.361659
1.36173
1.361754
1.361963
1.362057
1.362123
1.36216
1.362232
1.362285
1.362382
1.362527
1.36257
1.362656
1.362716
1.362909
1.363106
1.363365
1.363389
1.36356
1.363909
1.3642
1.36431
1.364323
1.364398
1.364431
1.364461
1.364499
1.364519
1.36452
1.364625
1.364921
1.364961
1.365057
1.365081
1.365798
1.365896
1.366035
1.366052
1.366061
1.366158
1.366228
1.366779
1.366843
1.367233
1.367582
1.367807
1.368042
1.368128
1.368583
1.368741
1.368981
1.369481
1.369483
1.369542
1.369566
1.369698
1.369706
1.369889
1.370217
1.370285
1.370291
1.370507
1.370678
1.370683
1.370731
1.370894
1.370919
1.371061
1.371362
1.371373
1.371804
1.372097
1.372123
1.372478
1.372656
1.372744
1.372869
1.372874
1.372912
1.372927
1.373056
1.373084
1.373126
1.373133
1.373552
1.373626
1.373708
1.373837
1.373949
1.37395
1.374143
1.374231
1.374359
1.374421
1.374439
1.374489
1.374536
1.374655
1.374762
1.37488
1.375083
1.375096
1.375288
1.375341
1.375407
1.375649
1.375799
1.375823
1.37587
1.375965
1.376079
1.376161
1.37617
1.376332
1.376512
1.376585
1.376597
1.376599
1.376771
1.376783
1.376911
1.377222
1.377307
1.37752
1.377527
1.377626
1.377645
1.377902
1.377914
1.378014
1.378063
1.378066
1.378213
1.378285
1.378992
1.379016
1.379101
1.379166
1.379249
1.379305
1.379783
1.379828
1.379857
1.37999
1.380098
1.380743
1.381066
1.381168
1.381238
1.381311
1.381348
1.381391
1.381555
1.381578
1.381663
1.381981
1.382138
1.382244
1.382287
1.382372
1.382374
1.382498
1.382602
1.382656
1.382826
1.382888
1.383088
1.383384
1.383714
1.383845
1.38386
1.384151
1.384323
1.384681
1.384859
1.385227
1.385402
1.386142
1.386182
1.386199
1.386293
1.386442
1.386459
1.386559
1.386819
1.386931
1.386986
1.38701
1.387042
1.387042
1.387164
1.387256
1.387646
1.387693
1.387774
1.388012
1.388108
1.388205
1.388314
1.388419
1.388607
1.388719
1.388842
1.389039
1.389051
1.389093
1.389214
1.389223
1.389263
1.389405
1.389597
1.389824
1.389912
1.39022
1.390305
1.390517
1.390575
1.390694
1.390711
1.390768
1.391162
1.391485
1.391579
1.391593
1.391694
1.391787
1.392001
1.392015
1.392022
1.392112
1.392181
1.392382
1.392462
1.392503
1.392647
1.392912
1.392991
1.393057
1.393141
1.393252
1.393311
1.393332
1.393403
1.394288
1.394299
1.394549
1.394663
1.394709
1.394846
1.394922
1.395118
1.395207
1.395571
1.395745
1.395908
1.395937
1.395977
1.396231
1.396241
1.396597
1.396599
1.396727
1.397077
1.397101
1.397501
1.397678
1.397743
1.397774
1.397915
1.398032
1.39805
1.398223
1.398543
1.398577
1.399029
1.399203
1.399279
1.399349
1.399425
1.399435
1.399449
1.399552
1.399568
1.399719
1.399896
1.399912
1.400037
1.400295
1.400403
1.400473
1.400506
1.400554
1.400613
1.400631
1.400723
1.401052
1.401696
1.401716
1.401967
1.402374
1.402983
1.403017
1.403171
1.403319
1.403496
1.403904
1.403928
1.404136
1.404159
1.404169
1.404323
1.404437
1.404551
1.404891
1.405275
1.405301
1.405595
1.405777
1.405922
1.406212
1.406308
1.40643
1.406455
1.406571
1.406651
1.406701
1.40711
1.407528
1.407536
1.407549
1.407817
1.407968
1.408076
1.408111
1.408121
1.40816
1.408258
1.408629
1.40901
1.409486
1.409526
1.409545
1.409791
1.410029
1.410181
1.410687
1.410706
1.410867
1.411316
1.411341
1.411422
1.411434
1.411587
1.411695
1.411826
1.411963
1.41203
1.412109
1.412384
1.412578
1.412585
1.412731
1.413264
1.413618
1.413822
1.413937
1.414251
1.414327
1.414379
1.415013
1.415538
1.415871
1.415946
1.416021
1.416067
1.416363
1.416723
1.417
1.418014
1.418054
1.418062
1.41829
1.418308
1.418334
1.418585
1.418706
1.419261
1.419382
1.41989
1.419954
1.42012
1.420181
1.420387
1.421383
1.421562
1.421718
1.421852
1.421915
1.421946
1.422097
1.422125
1.422427
1.422492
1.422619
1.422969
1.423377
1.42351
1.423735
1.423875
1.424376
1.42474
1.425031
1.425148
1.42583
1.425942
1.426373
1.426392
1.426782
1.427883
1.42814
1.42822
1.428372
1.428383
1.429135
1.429225
1.429819
1.430325
1.430399
1.430688
1.430721
1.430723
1.431384
1.431769
1.431857
1.432378
1.432647
1.43296
1.433172
1.433324
1.434607
1.435157
1.435589
1.435855
1.435928
1.436535
1.436766
1.436918
1.436934
1.4372
1.437696
1.437717
1.438548
1.438586
1.438741
1.439312
1.439501
1.441233
1.44138
1.441469
1.441595
1.44173
1.44204
1.442606
1.443039
1.443101
1.443596
1.443956
1.444546
1.444781
1.445078
1.445815
1.446026
1.447304
1.448606
1.449781
1.449883
1.449899
1.450791
1.450949
1.451034
1.451618
1.451674
1.45348
1.453783
1.455222
1.455578
1.456389
1.456813
1.456857
1.457047
1.457427
1.45752
1.458203
1.458803
1.459425
1.460064
1.460266
1.461912
1.462104
1.463488
1.464664
1.465749
1.466715
1.469109
1.469957
1.470519
1.470812
1.472816
1.474188
1.476829
1.477384
1.478228
1.478621
1.478923
1.481336
1.481471
1.481557
1.482438
1.482865
1.483063
1.483985
1.48774
1.489251
1.490405
1.490679
1.494215
1.498257
1.499447
1.50039
1.503022
1.505542
1.50642
1.507156
1.507595
1.508557
1.509175
1.51746
1.517892
1.517909
1.519406
1.521839
1.523511
1.526422
1.526511
1.527255
1.530027
1.534675
1.534793
1.535743
1.535922
1.536506
1.544388
1.54445
1.550543
1.559858
1.560254
1.564756
1.567359
1.569913
1.577118
1.577545
1.583763
1.590083
1.614256
1.619936
1.625078
1.639032
1.645802
1.651926
1.661977
1.700333
1.715964
1.732549
1.741352
1.756625
1.758904
1.889468